0,486
517,49
517,48
517,47
517,46
517,45
517,44
517,43
517,42
517,41
517,40
517,39
517,38
517,37
517,36
408,1
408,3
517,35
11,3
9,2
9,1
9,3
8,2
8,1
8,3
12,2
12,1
12,3
20,2
20,1
20,3
19,2
19,1
19,3
18,1
18,3
14,1
14,3
13,1
13,3
516,5
516,4
516,3
516,2
516,1
516,0
513,4
513,3
513,2
513,1
513,0
511,5
511,4
511,3
511,2
511,1
511,0
508,4
508,3
508,2
508,1
508,0
506,3
506,2
506,1
506,0
505,5
505,4
505,3
505,2
505,1
505,0
502,3
502,2
502,1
502,0
501,4
501,3
501,2
501,1
501,0
499,3
499,2
499,1
499,0
498,4
498,3
2,2
498,2
2,1
498,1
2,3
498,0
497,3
497,2
497,1
497,0
11,2
11,1
10,3
10,2
10,1
3,3
3,2
3,1
0,322
0,273
0,270
0,243
0,9
